cam0:
  T_cam_imu:
  - [-0.9989523001351486, 0.045736927599225374, 0.0015606115727408339, 0.0021287891443034735]
  - [0.0001756206838479761, 0.03793269788269176, -0.9992802807964927, -0.0022683791048273396]
  - [-0.04576320806142377, -0.9982330609056811, -0.03790098815074867, -0.06674884379913279]
  - [0.0, 0.0, 0.0, 1.0]
  cam_overlaps: [1]
  camera_model: pinhole
  distortion_coeffs: [0.1821116994297383, -0.09485119915336215, 0.07031380209481544,
    -0.027602831518105025]
  distortion_model: equidistant
  intrinsics: [343.41615767809253, 342.8338676658853, 341.7876152449978, 178.8896255562181]
  resolution: [672, 376]
  rostopic: /zed/left/image_raw_color
cam1:
  T_cam_imu:
  - [-0.9992086119010005, 0.03977624394987508, 1.7891775978606805e-05, -0.1185430519441684]
  - [0.0013533333623177088, 0.03444627637174561, -0.9994056346313701, -0.0024502576421549863]
  - [-0.03975321863303724, -0.9986146926925125, -0.034472846516535115, -0.06715020402523915]
  - [0.0, 0.0, 0.0, 1.0]
  T_cn_cnm1:
  - [0.9999810122851699, 0.0013154596460061734, 0.006020351737787676, -0.12026696518869501]
  - [-0.0013361326259275941, 0.9999932210721556, 0.0034311163403481786, 4.997347878205463e-05]
  - [-0.006015797431171167, -0.0034390951796659766, 0.9999759911145929, -0.000397957598827445]
  - [0.0, 0.0, 0.0, 1.0]
  cam_overlaps: [0]
  camera_model: pinhole
  distortion_coeffs: [0.1924365727556154, -0.15546479242609007, 0.19009447294085371,
    -0.10300311049111906]
  distortion_model: equidistant
  intrinsics: [343.27026752490343, 342.77685157452623, 337.42347830916214, 186.90645310937097]
  resolution: [672, 376]
  rostopic: /zed/right/image_raw_color
T_imu_body:
  [1.0000, 0.0000, 0.0000, 0.0000,
  0.0000, 1.0000, 0.0000, 0.0000,
  0.0000, 0.0000, 1.0000, 0.0000,
  0.0000, 0.0000, 0.0000, 1.0000]
